1
2
2
3
3
4
3
6
4
5
5
8
5
10
6
7
7
12
7
14
8
14
8
15
62
110
62
85
110
113
110
111
110
112
113
120
113
121
112
114
112
116
85
107
97
10
10
17
10
16
17
34
17
32
34
69
32
33
33
61
33
60
61
48
16
27
16
31
27
56
27
57
56
105
14
24
14
24
14
25
24
44
24
46
44
45
45
89
45
84
46
47
8
14
8
15
15
26
15
28
26
50
26
54
28
52
28
55
67
68
68
102
52
53
53
118
53
117
54
71
102
103
102
71
103
25
71
97
71
98
25
49
25
48
49
50
50
99
50
100
100
101
99
69
69
62
69
63
63
88
63
86
88
48
48
90
48
91
31
58
31
59
7
12
12
19
12
20
19
36
19
35
36
66
36
67
35
66
66
65
66
64
65
96
65
95
95
108
95
106
106
119
20
38
20
37
38
73
38
72
11
22
11
21
22
23
23
39
23
40
39
79
39
76
40
78
40
77
74
81
74
92
21
41
21
42
41
82
41
83
42
81
42
80